UNK -0.16699 0.18332 -0.22063 -0.073832 -0.15925 -0.197 0.049592 -0.065277 -0.13209 0.39683 -0.20469 0.10052 -0.056735 0.19375 -0.14572 -0.185 0.29454 0.033744 -0.63363 0.19573 0.36504 0.11067 -0.4452 0.13005 0.11593 0.38727 0.41761 -0.08984 0.076303 0.14643 0.11464 -0.095017 0.1668 -0.0019929 0.078518 -0.16094 -0.07161 0.32899 0.035084 0.16242 -0.042036 -0.10177 0.08744 -0.30236 -0.034272 0.29176 -0.091449 -0.12124 -0.43514 0.032467
, -0.28924 -0.14033 -0.33332 -0.043191 -0.37655 0.10471 -0.046665 0.013273 0.034033 0.45226 -0.22564 -0.0029841 -0.050152 0.12555 0.45099 0.075373 -0.028769 0.27322 -0.10247 -0.023985 0.10704 0.34784 0.010111 0.11604 -0.066869 0.094487 0.11125 -0.62545 0.49311 0.25722 0.38627 -0.2928 0.020606 0.10748 0.11624 -0.58665 -0.11679 0.02656 -0.12676 -0.024392 0.40211 0.14285 0.372 -0.25623 -0.2635 0.03571 -0.27967 -0.077483 0.021187 0.10979
的 -0.25572 0.094021 -0.29846 -0.25744 0.15317 0.21669 -0.1833 -0.39631 -0.10901 0.49062 -0.44027 0.13553 -0.52307 -0.10113 0.0033396 -0.1223 0.12616 0.064355 -0.24657 0.3111 -0.0059717 0.29507 0.1845 0.18847 0.40414 0.48102 0.086112 -0.28476 -0.06545 -0.35197 -0.31888 0.25148 -0.20333 0.2858 -0.037441 -0.50318 0.034292 -0.11584 -0.061756 0.074104 0.46939 0.11981 0.16977 -0.30162 0.052581 -0.26326 -0.22161 0.05133 -0.00091882 -0.11474
。 -0.31484 0.35409 -0.19916 0.19368 -0.045335 -0.086799 -0.20109 0.16137 -0.14792 0.24082 -0.10633 -0.25872 0.37013 -0.018649 0.71755 -0.18852 -0.091972 0.19872 0.15998 0.21385 0.35112 0.35556 -0.82817 0.4619 -0.016282 0.58867 0.28695 -0.5185 -0.0055535 -0.28891 0.51728 -0.39888 -0.27708 0.21529 0.29421 -0.54243 -0.35219 0.12613 0.10502 0.18098 0.4588 0.22643 0.54143 -0.18966 -0.25128 -0.04619 0.16235 0.13303 0.18647 0.22431
、 -0.19537 0.3565 0.017498 -0.1594 0.023175 0.057658 0.044753 -0.63886 0.25869 0.13098 0.29504 0.029287 -0.46471 0.4604 0.31332 0.35093 0.23931 0.19269 -0.30217 -0.1277 0.16825 0.53412 0.27193 -0.053501 0.086145 0.34673 0.3467 -0.25181 0.07227 -0.11628 0.14823 -0.020806 0.062876 0.44621 0.031371 -0.424 0.15685 -0.17548 -0.4225 0.21537 0.36609 -0.24221 0.017005 -0.4546 0.15059 -0.53372 0.029303 -0.23978 0.12468 0.3426
在 -0.3095 0.013256 -0.32246 -0.0088044 0.2169 -0.035223 0.04669 -0.22324 -0.44277 -0.10406 -0.60636 0.48602 -0.87065 0.025601 0.48135 0.22079 0.77395 -0.021648 -0.38938 -0.30212 0.096076 1.0605 0.073396 0.40232 -0.2556 0.075368 0.38395 -0.44777 -0.20611 -0.10363 -0.15747 0.030353 0.19395 -0.013598 -0.19153 -0.039431 -0.1552 0.22677 -0.22567 0.14134 0.76861 -0.32041 0.18024 -0.53677 -0.085038 0.21453 0.055363 -0.027168 -0.0049059 0.35336
是 -0.48719 0.070842 -0.41038 0.24171 -0.18687 0.51622 -0.10462 -0.27898 -0.13922 -0.075775 -0.23815 0.072992 -0.068603 0.34016 0.45719 -0.050503 0.10092 0.11647 -0.47868 0.083032 0.03874 0.087687 -0.16521 -0.26336 -0.33053 0.022247 0.23216 -0.046587 0.30096 -0.059795 0.43627 -0.073554 0.41698 0.21659 -0.18561 -0.076542 -0.0036601 0.11435 0.060923 0.64846 1.014 0.23345 0.028556 -0.5201 -0.16225 -0.14033 -0.22484 -0.54779 0.0077148 -0.057244
一 0.077675 0.28012 -0.35383 0.22526 -0.089738 -0.17572 0.27798 -0.35208 -0.24007 0.59834 -0.34149 -0.076689 -0.52408 -0.81911 0.20879 -0.17845 -0.049345 -0.82361 -0.53383 0.73993 0.32404 0.44265 0.077847 -0.17747 0.23016 -0.089571 -0.053543 0.21396 0.13211 0.040013 0.002933 0.2024 0.11786 0.56125 0.012976 0.2118 0.087558 -0.037791 0.21382 -0.056784 0.62891 -0.075281 -0.37613 -0.63024 0.08338 0.82701 0.19538 -0.37122 -0.021173 0.47297
“ -0.2661 0.045115 -0.41602 0.013588 -0.12325 -0.067276 0.054372 -0.52312 0.023801 0.24764 -0.050874 0.28254 -0.10223 0.50272 -0.28071 -0.039349 0.01536 0.13499 -0.64621 -0.46514 -0.53056 -0.056403 -0.31432 0.33239 0.017893 -0.49028 -0.026691 -0.40645 -0.046438 0.5501 0.059739 0.49062 0.71775 0.17812 0.20276 -0.00020217 0.38145 -0.52366 0.19718 0.50348 1.0371 -0.18706 0.33197 -0.77766 0.39622 0.11283 -0.63501 0.04627 -0.39773 0.38591
” -0.19524 0.35446 -0.12975 0.42031 0.27984 0.02604 0.0097006 0.054798 -0.11177 0.20036 0.12812 -0.4387 0.047831 0.17202 0.12643 0.235 0.24625 0.28585 -0.27075 0.14108 0.3408 0.21525 -0.24905 0.027676 0.082986 0.54883 0.28501 -0.31854 0.18699 -0.20311 0.3787 0.064121 -0.26096 0.20641 0.069811 -0.58688 0.10189 0.33928 0.092019 0.06078 0.3767 -0.043427 0.26041 -0.1076 -0.18964 0.11683 -0.40388 0.10599 -0.02491 0.11593
了 -0.16263 0.31837 -0.304 0.097519 -0.052059 0.012402 0.037267 -0.40269 -0.27499 0.5211 -0.25171 0.37482 -0.2442 -0.14463 0.26673 -0.28088 0.061998 0.10368 -0.20242 0.24447 -0.017188 0.12713 -0.082916 -0.0069112 -0.13904 0.24738 0.23608 -0.21641 0.070124 -0.20357 0.19717 0.21842 0.31935 0.17433 -0.21516 0.15422 -0.34496 0.094651 -0.062682 0.17225 0.87134 0.072122 -0.34264 -0.48496 -0.067181 -0.0022748 -0.4246 -0.23141 -0.02799 -0.067327
和 0.042602 0.30906 -0.33769 -0.56572 0.23002 0.1708 -0.063979 -0.61733 -0.21049 0.19373 0.29869 0.058767 -0.44487 0.088542 0.21313 0.27547 0.23388 0.026254 -0.47073 -0.092502 -0.25222 0.021208 0.32865 0.021804 0.014983 0.16222 0.45689 -0.2298 0.28287 0.077708 0.11679 -0.1662 0.18536 0.85057 -0.40169 -0.92331 0.042666 -0.080881 -0.40189 -0.02294 0.15699 0.31555 0.23269 -0.84752 0.11666 -0.17515 0.14167 0.21856 -0.24247 0.45238
: -0.75478 -0.014677 0.66776 0.063593 -0.33447 0.13846 0.011472 -0.23776 0.73914 0.12495 -0.49152 -0.025457 -0.27983 0.18884 1.0234 -0.13633 -0.044367 -0.11601 -0.36446 0.31051 -0.40023 0.46132 -0.86201 -0.27818 0.78258 -0.093846 0.34149 -0.88972 0.23546 0.28339 0.24613 -0.6776 0.23562 0.0026972 -0.012187 -0.44756 -0.17007 0.15684 -0.018237 0.36951 1.0948 -0.65843 0.10459 0.036522 -0.015068 0.20422 0.22467 0.2634 0.31841 0.59658
DGDGDGDG -0.13693 0.59325 -0.38739 0.18444 0.038876 -0.74005 0.27073 -0.50253 0.24183 -0.39575 -0.35493 -0.11214 -0.32564 -0.13685 -0.085909 -0.063919 0.26899 -0.32156 -0.51687 0.54368 0.070794 0.33777 -0.42558 0.26755 0.43804 -0.30278 0.91316 0.050572 -0.13133 -0.063549 0.082037 0.039645 -0.6069 -0.13303 0.38741 0.033763 -0.082092 0.34782 0.019726 0.45166 0.42176 -0.2858 0.17183 -0.38551 -0.48069 0.16247 0.10123 -0.36021 -0.47543 0.20156
不 -0.23793 0.19019 -0.26298 0.20965 -0.49438 0.62192 -0.18211 -0.48641 0.4231 0.1607 -0.10309 -0.49809 0.17238 -0.22794 0.75856 -0.24683 0.49187 -0.21584 -0.85889 0.17692 -0.13439 0.30291 0.07649 -0.36206 -0.0089682 0.39395 -0.0094666 0.11389 0.10736 0.58618 -0.18763 -0.5725 -0.028281 0.52157 -0.11492 0.47739 -0.04708 0.25131 0.081733 0.474 0.71763 0.45572 -0.10485 -0.70968 0.19383 -0.060184 -0.11892 -0.50358 -0.57105 -0.08779
年 0.020458 -0.26863 -0.11985 0.097896 -0.019585 -0.072312 -0.1617 0.67412 -0.58525 0.28877 -0.4717 -0.12586 -0.42046 -0.012841 0.61882 -0.19688 0.25757 -0.39497 0.30048 -0.025094 -0.09518 0.14124 -0.10466 -0.47974 0.12583 -0.21144 1.0109 0.053743 0.039651 -0.31412 0.40539 0.70367 -0.50927 -0.020954 0.364 0.016362 -0.34674 -0.41414 -0.087988 0.2884 0.49212 0.31334 0.47184 -0.46859 0.30792 0.19639 -0.70809 -0.29521 0.24549 0.56626
有 -0.22547 0.14116 -0.23585 -0.36785 -0.060146 0.41742 0.024776 -0.37223 0.17978 0.37085 -0.3116 0.057451 0.093018 -0.32239 0.52929 -0.57504 0.18154 -0.12636 -0.31652 0.28874 0.3007 -0.021178 0.14112 0.19618 0.039058 0.32181 0.01223 -0.039834 0.10504 -0.28417 -0.013289 0.28976 -0.065303 0.5117 -0.5639 -0.049879 -0.34325 -0.07504 0.051101 0.49696 0.81344 0.26294 -0.35916 -0.533 -0.06272 -0.055549 -0.31745 -0.33275 -0.086036 -0.31256
个 -0.3735 0.44352 -0.34568 0.12434 0.18986 0.21036 0.012752 -0.10296 -0.56247 0.84069 -0.45389 -0.041506 -0.41953 -0.36023 0.45199 -0.071253 -0.16807 -0.50462 -0.46527 0.66015 0.34795 0.39944 0.12574 0.19167 0.37597 -0.17106 -0.22269 -0.099651 0.34527 -0.03924 -0.15559 0.14974 0.42741 0.51938 -0.099634 0.29111 -0.10698 -0.4416 -0.080429 -0.11287 0.43553 0.20842 -0.11599 -0.75724 0.049866 0.40681 -0.12209 0.1105 0.13042 0.4945
这 -0.46254 0.05875 -0.54889 0.30781 -0.17229 0.24149 0.14496 -0.40188 -0.085563 0.025895 -0.55811 -0.14018 -0.13267 -0.63378 0.29928 -0.35569 0.16203 -0.79385 -0.37454 0.97314 0.099337 -0.13021 0.010554 0.33154 0.3245 0.33496 -0.072968 0.23791 0.1556 0.087403 -0.41118 0.22142 0.08696 0.53202 -0.39774 -0.22203 -0.074715 0.698 0.68388 0.22161 0.51925 0.21111 0.019789 -0.29135 -0.23945 1.3966 0.01503 -0.30691 -0.6907 0.098673
中 -0.25481 -0.30539 -0.62775 -0.098403 -0.20945 0.071798 0.42429 -0.0097272 -0.041386 -0.14793 -0.81129 -0.26854 -0.33615 0.15453 0.63416 -0.19412 0.30018 -0.18484 -0.48923 -0.0038656 -0.13406 0.75891 0.3026 0.13341 0.0028434 0.28872 0.25671 -0.36371 -0.027729 0.26813 0.29246 0.2517 0.33635 0.53664 -0.40268 -0.19169 -0.23024 0.19405 -0.58753 -0.46671 0.55915 -0.1173 0.017837 -0.7236 0.054453 0.31716 0.051987 -0.19729 -0.28012 0.43136
日 0.1144 -0.086688 0.28051 0.41745 -0.10632 -0.6185 -0.16547 0.46973 -0.39252 0.49999 -0.23524 -0.49934 0.022893 -0.19866 0.63682 0.10243 -0.28328 -0.49764 0.09483 -0.030952 0.078497 -0.027974 0.12437 0.003838 -0.016292 0.27857 0.66985 0.19014 -0.17246 0.10366 0.25958 0.15561 -0.4543 0.017304 0.09973 0.00070328 -0.11045 -0.16092 -0.19338 0.33831 0.20666 0.16874 0.36808 -0.24385 0.28437 0.19179 -0.043354 -0.28372 -0.32033 0.66607
月 0.22851 0.25448 0.30267 0.23515 0.080839 -0.53497 -0.22901 0.64592 -0.15061 0.30577 -0.48621 -0.43268 -0.46427 0.081006 0.76832 0.034794 0.17709 -0.42787 0.23837 -0.14484 -0.086556 -0.048461 -0.24025 -0.26156 0.22083 -0.11191 1.3523 -0.17132 -0.034786 -0.079265 0.42375 0.4247 -0.77376 -0.4697 0.38525 0.10829 -0.24986 -0.72314 0.11647 0.41615 0.3611 0.19164 0.48431 -0.3725 0.10773 0.22524 -0.73498 -0.49861 0.19462 0.69814
对 -0.11326 0.025839 -0.081362 -0.37116 -0.011228 0.073518 0.15909 -0.45129 -0.073174 0.37439 -0.49856 0.059374 -0.65613 0.085252 0.67483 0.068452 0.47645 -0.028387 -0.4119 0.14945 -0.82369 0.10577 0.25642 0.32686 -0.0030143 0.20503 0.20066 -0.21932 -0.064725 0.42899 0.6032 -0.054504 0.070543 0.21353 -0.56992 -0.45835 -0.37769 0.052393 -0.33723 -0.19446 1.1804 -0.16716 -0.12602 -0.56574 0.0038607 0.096852 0.067112 0.16242 0.097923 -0.14203
说 0.41835 -0.21295 -0.04971 0.37973 0.10898 0.088529 0.42003 -0.3836 0.60645 0.35862 -0.17664 -0.50742 -0.18844 0.24783 1.0395 -0.86206 -0.11895 0.20293 -0.10862 -0.098745 -0.74799 0.35329 -0.35313 0.073274 0.24233 0.28287 -0.54422 -0.28563 0.39166 -0.049016 -0.037061 0.16366 0.24741 0.59523 -0.10654 -0.20052 -0.3257 0.14939 0.27011 0.47048 0.65841 -0.10635 0.80271 -0.36928 -0.33159 0.6659 0.55354 -0.50638 -0.37684 0.34061
将 -0.20631 0.30512 -0.2942 -0.33793 0.059287 0.29184 -0.040691 -0.63559 0.51938 0.37409 -0.091393 -0.60532 -0.30792 0.27414 0.61266 0.070874 0.69337 -0.44946 -0.49471 -0.20188 0.10529 0.035455 0.08202 -0.214 -0.40807 0.084262 -0.079144 -0.42109 0.25401 0.25108 0.56558 -0.099 -0.16177 -0.23866 0.2663 -0.0054158 0.11379 0.24413 -0.33917 0.83638 0.54564 0.20449 0.034108 -0.3693 0.16608 0.52462 -0.3126 -0.27339 -0.10423 -0.29989
为 -0.86846 0.24514 -0.65249 -0.37835 0.16886 0.041722 0.18865 -0.27566 -0.14331 0.26137 -0.39572 0.10003 -0.062105 0.1307 0.7338 -0.016536 0.62703 -0.04812 -0.40228 0.11966 -0.3919 0.46704 0.22732 0.33456 0.19625 -0.18654 0.051806 -0.16105 0.079941 0.1892 0.38207 0.24766 -0.0055195 0.17939 -0.1708 0.17603 -0.51523 -0.067039 -0.80124 0.10788 1.2785 -0.25565 -0.21029 -0.691 0.18072 -0.15581 -0.10198 0.10061 -0.063529 -0.3547
他 -0.27621 0.37682 -0.59063 0.028386 -0.37362 -0.094202 -0.14909 -0.58113 -0.03787 0.14627 0.014929 0.54099 0.88537 -0.49331 0.076716 -0.63396 0.55585 -0.64336 -0.37634 0.00068068 -0.21175 0.45259 0.11448 -0.12609 0.15415 0.085928 0.53679 -0.2464 0.41244 0.24772 0.066014 -0.15864 0.1045 0.15696 0.10401 -0.36084 0.16322 -0.10777 0.16141 0.3545 0.20692 0.57233 0.31163 -0.29622 -0.22144 0.69473 -0.26206 -0.62367 -0.29315 -0.35185
中国 -0.13446 0.13838 -0.12754 -0.078635 -0.48823 -0.40616 0.26269 -0.13998 -1.1811 -0.4079 -0.16797 -0.09172 -0.06916 0.70518 0.295 -0.68381 0.10422 -0.030654 -0.057348 0.24549 0.26708 -0.50465 0.42345 0.14529 0.24846 0.2932 0.59641 0.31057 -1.1786 0.75017 0.5415 -0.23832 -0.28484 0.15955 0.23201 0.048815 0.83032 0.59736 0.40647 -0.33507 -0.026574 0.3035 0.3643 -0.71853 -0.0022017 0.9865 0.67732 0.16103 -0.067929 -0.0087137
也 -0.42674 0.00071016 -0.037532 -0.34238 -0.37594 0.67825 -0.40602 -0.55283 0.32443 0.029044 -0.029711 -0.30754 0.28778 -0.045166 0.86478 -0.41771 0.62619 -0.020891 -0.53069 0.062601 0.50109 -0.025556 0.11933 0.17053 -0.22973 0.43404 -0.067373 -0.15468 0.80156 0.30525 -0.010633 -0.20357 0.20002 0.7985 -0.19341 0.2283 0.00031142 0.10699 -0.16608 0.24018 0.57781 0.71652 0.11796 -0.19636 0.07261 0.27225 0.026122 -1.0417 -0.58449 -0.21624
) -0.38185 -0.43301 0.1438 -0.68577 0.22687 0.17646 0.042405 0.58709 -0.18198 0.37624 0.30962 -0.044539 0.072683 0.22428 0.87103 -0.064997 0.45525 -0.54354 -0.9115 0.23858 0.0070844 -0.48459 -0.16744 0.57688 -0.023389 0.25469 0.65228 -0.30254 0.25704 0.21169 0.28336 -0.27558 -0.31334 0.23902 -0.52301 -0.37926 -0.59588 -0.1684 0.038575 0.39419 -0.090698 0.66408 0.22308 -0.58709 0.20738 0.90154 0.13027 0.07974 -0.32413 0.1639
( -0.83741 0.95073 -0.37197 -0.62016 -0.35325 -0.81184 -0.14507 0.15332 -0.43688 -0.36014 -1.0843 -0.80807 0.39279 0.44178 0.72054 0.57063 -0.20669 -0.12166 -0.33075 0.63199 0.2769 0.49495 -1.1493 -0.15229 0.67216 -0.02093 -0.52561 -0.78882 0.26899 0.22352 -0.26122 -0.30618 1.1207 0.26549 -0.53338 -0.46595 -0.293 0.012237 -1.0263 1.2934 0.12628 -0.34736 -0.19153 0.13039 -0.11704 0.024326 0.28296 0.35917 0.28124 0.99844
上 -0.16573 0.012295 -0.28244 -0.083737 -0.043206 0.22263 0.42033 -0.23843 0.11431 -0.019273 -0.68765 -0.24883 -0.23426 -0.18649 0.64074 0.24158 0.30706 -0.303 -0.45511 -0.025379 -0.061022 0.82601 0.14043 0.030331 0.050191 0.14766 0.20982 -0.31944 -0.061649 0.063822 0.22267 0.45627 -0.11692 0.28522 -0.21393 -0.09446 -0.44414 0.1323 -0.37919 -0.15665 0.69725 -0.18364 -0.10135 -0.87195 0.15803 0.61319 0.37802 0.054273 -0.3186 0.47606
人 -0.072217 0.049292 -0.13684 -0.00049812 -0.084561 0.33547 -0.074411 0.23386 -0.36123 0.40535 -0.34349 -0.16302 0.20501 -0.67661 -0.064636 0.084361 0.20467 0.050142 -0.17338 0.089332 0.036272 -0.092148 0.10382 -0.26897 0.32621 0.16625 0.50633 -0.16624 0.31701 0.54088 0.27896 -0.50401 0.22152 0.37645 0.22741 0.030705 0.051175 -0.30482 -0.22401 0.57218 0.084133 0.29829 0.46127 -0.59178 0.26985 0.26189 -0.24507 -0.62196 -0.14461 -0.38367
与 -0.084415 0.39131 -0.31959 -0.80188 0.46174 -0.085522 0.051678 -0.46467 -0.22259 0.19214 0.22344 0.31831 -0.33767 0.17026 0.375 0.059651 0.55204 -0.043411 -0.48465 0.15258 -0.37354 0.34784 0.50262 0.18292 -0.12242 0.037963 0.59676 -0.27908 0.32068 0.07234 0.28249 -0.31755 0.29825 0.73771 -0.66969 -0.68827 -0.15553 -0.16116 -0.37913 -0.057123 0.61807 0.31778 0.21275 -0.76033 0.023103 0.1916 0.18302 0.00015435 0.082152 0.16599
就 -0.26428 0.075287 -0.23504 -0.22728 -0.2631 0.28981 -0.22853 -0.016595 0.11324 -0.12702 -0.36674 0.091913 -0.013771 -0.20385 0.68263 -0.11528 0.48905 -0.43888 -0.69609 0.0020427 -0.29099 0.22254 0.034613 0.11792 -0.036909 0.021023 0.15077 -0.41232 0.17797 0.27259 0.18563 -0.029735 0.36581 0.19059 0.067867 -0.08029 -0.25442 0.23416 -0.19811 0.074264 0.76025 0.22971 -0.048086 -0.4366 -0.19817 0.47203 0.025568 -0.33758 -0.65359 0.27099
大 0.25942 -0.030721 0.011143 -0.27707 -0.19404 -0.083793 -0.50903 0.3245 -0.14293 0.47198 -0.55017 -0.41137 -0.4078 -0.37271 -0.093248 -0.18221 0.41424 0.028626 -0.025431 0.38871 0.36261 0.039665 0.16956 0.31441 0.2789 -0.082531 0.21119 0.50334 -0.26667 -0.30181 0.078764 0.14614 0.28491 0.9247 0.3405 0.30433 -0.062898 -0.3673 -0.0077176 -0.03488 0.69354 -0.25071 0.092821 -0.71801 -0.41831 0.37789 0.14115 0.025153 0.16635 -0.25145
- -0.29425 0.75466 -0.22739 -0.52539 -0.098836 -0.50177 0.10641 0.2038 0.11944 0.15244 -0.61413 -0.037325 -0.085076 0.12715 1.1626 0.017739 0.16311 -0.31865 -0.18237 0.40882 0.10407 0.089027 -0.36361 -0.44676 0.94337 -0.11984 0.33975 -0.4624 0.42261 0.16039 0.16166 -0.72609 0.23524 0.46393 -0.71895 -0.7162 -0.24029 0.11582 -0.54816 0.40131 0.13009 0.024 -0.12175 -0.44525 0.16645 0.31849 0.6175 0.11966 0.28239 0.87973
要 -0.51062 0.37649 -0.0090246 -0.29272 -0.23326 0.53314 0.015142 -0.50527 0.62136 0.12326 -0.1118 -0.17677 -0.27921 -0.27908 0.71393 -0.11107 0.49486 -0.56816 -0.68811 -0.12683 -0.33046 0.25808 0.086896 0.10311 -0.013427 0.22337 -0.31379 0.048759 0.03751 0.71562 0.67662 -0.18463 -0.050541 0.069777 0.016661 0.050882 -0.067787 0.17065 -0.2819 0.50676 0.98423 0.48142 0.1129 -0.60402 0.46118 0.32001 -0.25776 -0.61213 -0.62922 -0.26421
等 -0.050801 -0.16454 -0.26768 -0.54773 0.24643 0.17526 0.34715 -0.2627 -0.21561 0.45428 -0.0052201 -0.099321 0.032622 -0.24497 0.4319 0.12067 0.38373 -0.59508 -0.40831 0.52982 0.30538 0.020605 0.46883 0.34472 0.18725 -0.17214 0.13797 -0.36723 0.42921 -0.49751 0.0039737 0.20655 -0.19873 0.71972 -0.29689 -0.73614 -0.2234 -0.14821 -0.18314 -0.061844 0.24708 0.36467 0.098083 -0.86885 0.093711 0.31873 0.23897 0.11128 -0.18313 0.18043
两 0.68392 -0.22236 -0.068965 -0.24112 0.1219 -0.25809 -0.010318 -0.84236 -0.085876 -0.080292 -0.73543 -0.37311 -0.43471 -0.73053 -0.69043 -0.42868 0.26065 -0.17134 -0.46175 1.2147 -0.31458 0.4125 0.24513 0.59087 -0.040729 -0.65739 0.38115 0.049005 0.11787 -0.084977 0.15984 0.20287 -0.10273 0.40808 -0.18104 0.12422 -0.43919 -0.33588 -0.30642 0.34364 0.44987 0.34652 0.048051 -0.68588 -0.46476 0.65501 -0.13349 -0.10568 -0.11151 -0.30488
到 -0.44381 0.34599 -0.23729 -0.071326 0.14071 0.12552 0.027294 -0.64317 -0.15441 -0.014619 -0.69933 0.22881 -0.88629 0.11453 0.74436 0.16531 0.42534 -0.095606 -0.29435 -0.060076 -0.52066 0.53251 0.20687 0.58362 0.18584 0.3027 0.36199 -0.33217 0.12283 0.57202 0.32888 0.0022884 0.28253 -0.026859 -0.15605 -0.079477 -0.38597 0.10414 -0.24165 0.12472 0.99107 -0.16614 -0.078549 -0.70091 0.28797 0.34892 -0.25552 0.068258 -0.25983 -0.11558
多 0.053841 -0.035093 -0.06876 -0.23498 0.079814 0.1512 0.064987 -0.37312 0.033287 0.13305 -0.4114 -0.38532 -0.22852 -0.58996 -0.01163 -0.083836 0.48237 -0.32136 -0.2722 0.71594 0.23207 0.52941 0.01299 0.45438 0.31798 -0.40869 0.59352 0.31955 -0.14723 -0.02898 0.066992 0.037966 -0.0050796 0.69806 0.0053178 0.33243 -0.46291 -0.22134 -0.14725 0.071601 0.61511 0.4081 0.047347 -0.98355 -0.32887 0.0014392 0.17289 -0.34656 -0.019076 -0.17609
以 -0.58562 0.080667 -0.42333 -0.4831 0.043861 0.14675 0.13596 -0.54245 0.084826 -0.031152 -0.48171 0.1585 -0.17628 0.13947 0.60679 -0.037644 0.98852 -0.58416 -0.52005 0.22561 -0.41558 0.44415 0.47513 0.23421 0.18129 0.25588 -0.069063 0.041052 -0.095095 0.54316 0.53521 0.20784 -0.036224 0.058873 -0.26237 -0.2061 -0.63706 -0.23325 -0.49319 0.041691 1.2307 -0.25574 -0.15705 -0.63735 0.24152 0.049725 -0.3895 0.081416 -0.075948 -0.054639
会 -0.35766 0.47432 0.062279 0.13462 0.015096 0.27164 -0.22233 -0.36145 0.79856 0.25508 0.18187 -0.19587 -0.42481 -0.048397 0.54093 -7.925e-05 0.40386 -0.34569 -0.52723 -0.2243 0.090022 -0.091583 -0.2869 -0.23764 -0.14185 0.20053 0.053617 -0.28427 0.23751 0.4677 0.64843 -0.17963 0.14892 -0.03598 0.055871 0.18476 -0.0056946 0.18114 -0.54605 0.78157 0.80365 0.44906 0.21794 -0.30096 0.48912 0.49852 -0.27239 -0.79921 -0.31452 -0.29557
我 -0.35925 0.91402 0.51616 -0.39941 -0.49947 0.38505 -0.40975 -0.29405 0.24238 0.016938 -0.2808 0.30435 0.74448 -0.31188 0.45607 -0.32498 0.1703 -0.93006 -0.58957 0.1707 -0.589 0.021529 -0.4498 0.14977 0.68096 0.041974 0.13756 0.20908 -0.43014 0.46884 0.0013608 -0.20038 0.4318 -0.43317 0.76065 -0.39355 0.52213 0.1326 0.20194 0.73965 0.37752 0.59495 0.58983 -0.36499 -0.12068 1.5344 -0.11357 -0.26452 -0.59463 -0.30301
都 -0.25436 0.08219 0.068787 -0.13865 0.10188 0.6771 -0.38106 -0.54519 0.10785 -0.065318 -0.27869 -0.39994 0.12196 -0.53203 0.63526 -0.20419 0.42197 0.02405 -0.59908 0.39514 0.49175 -0.013053 0.14296 -0.38691 -0.33815 -0.051933 -0.055493 -0.38554 0.40446 0.25255 0.52049 -0.1732 0.11325 0.53224 -0.35612 0.30886 -0.32219 0.090227 -0.30978 0.44882 0.36943 0.84263 -0.16836 -0.41295 -0.3062 0.087219 -0.057426 -0.77125 -0.36924 -0.27408
后 -0.57141 0.0071048 -0.76957 0.14185 -0.55168 0.14342 -0.24416 -0.10837 0.099177 0.27047 -0.39616 -0.069022 -0.20426 -0.74469 0.38391 -0.2489 0.040233 -0.44731 -0.59247 -0.24342 -0.33532 0.39623 0.45251 0.49244 -0.22929 0.17043 0.50239 -0.60547 0.18377 -0.043817 0.14157 0.2542 -0.044143 0.37314 -0.14719 -0.37179 -0.32619 -0.21331 -0.25973 -0.20013 0.51579 0.23981 -0.3811 0.02826 0.31763 0.41822 -0.12563 0.05534 -0.15577 0.70432
而 -0.419 0.36942 -0.46247 -0.49777 -0.24067 0.47229 -0.11727 -0.45961 0.054588 0.013325 -0.0052452 -0.17298 -0.067252 -0.10432 0.56573 0.19565 0.27774 0.047826 -0.56544 -0.14159 -0.024817 0.30466 0.29465 0.048477 -0.25361 -0.16825 0.17547 -0.32547 0.37513 0.59396 0.12145 -0.38025 0.13348 0.57399 -0.39712 -0.68249 -0.38784 -0.045913 -0.22677 -0.27764 0.47954 0.52187 0.23 -0.59032 0.028865 0.46683 0.21005 -0.13567 -0.32271 0.37215
次 0.031396 -0.06758 0.40835 0.3377 0.36664 0.0025415 -0.070173 0.2551 0.0022421 0.27518 -0.30399 0.076282 -0.54482 -0.15879 0.67806 0.056336 0.10179 -0.57499 -0.19705 -0.20487 -0.28138 0.0083546 0.33706 0.024132 0.063217 -0.25629 0.47724 -0.16538 -0.046473 -0.28998 0.55711 0.11156 -0.36546 0.033562 0.46015 0.027822 -0.24491 -0.52609 -0.31669 -0.030337 0.30643 0.2632 0.1581 -0.37584 0.12246 -0.015115 -0.19069 -0.035278 -0.47978 0.83769
新 0.24156 -0.41917 -0.51288 -0.031357 0.28503 -0.29534 -0.48106 -0.15486 -1.1138 0.21753 -0.44112 -0.44195 -0.76209 -0.45369 -0.3444 -0.27408 0.73868 0.2646 -0.13798 0.5314 0.35179 0.70799 -0.37949 0.17644 0.056112 -0.28038 0.3956 0.52769 -0.60183 -0.35829 0.021315 0.28768 0.1662 0.73218 0.029797 0.41798 -0.2249 -0.35343 -0.24194 -0.1403 0.60408 0.25622 -0.37665 -0.73604 -0.61929 0.61394 0.32054 0.39668 0.17145 0.51795
还 -0.39254 -0.05542 -0.11593 -0.22516 -0.52363 0.44171 -0.21516 -0.81907 0.52709 -0.033126 -0.16194 -0.26989 0.3157 -0.19721 0.89853 -0.31771 0.9306 -0.32965 -0.48028 -0.064497 0.5417 0.010007 0.07472 -0.15695 -0.2679 0.55337 -0.05953 -0.078052 0.64819 0.23408 -0.018284 -0.053398 0.27688 0.59686 -0.1624 0.56177 -0.18151 0.0083272 -0.28004 0.4454 0.18012 0.55568 0.16459 -0.17411 0.017424 0.39302 0.41462 -0.97004 -0.60044 -0.28215
发展 -0.3559 -0.40831 -0.49752 -0.11298 0.24143 0.32698 -0.3828 0.52845 -0.50766 -0.052492 0.22502 0.15543 -0.37389 -0.08195 -0.24009 0.17295 0.7253 -0.39654 0.23965 -0.12737 0.50875 -0.12135 -0.079293 0.29254 -0.027655 0.27579 -0.023439 -0.026666 0.078618 -0.77208 0.73943 0.039098 -0.59561 0.68672 0.27311 -0.27982 0.45287 0.72444 0.10337 0.11852 0.50461 0.22794 -0.064236 -0.20878 -0.01299 0.15894 0.513 0.010372 0.045774 -0.078869
能 -0.50729 0.34157 -0.011283 -0.046467 0.074539 0.46828 -0.074696 -0.44864 0.79307 0.14096 0.029971 0.029374 -0.35794 -0.20139 0.52567 -0.12894 0.50935 -0.46473 -0.6166 -0.2874 -0.1353 0.24746 -0.26357 -0.32069 0.0010794 0.26402 -0.043705 -0.10989 0.12551 0.58756 0.71459 -0.27173 0.31898 0.13729 0.0036057 0.36104 -0.34961 0.15019 -0.14865 0.61722 0.88759 0.49179 0.17332 -0.44095 0.37823 0.30617 -0.35047 -0.76268 -0.41788 -0.35941
名 -0.46414 0.21987 -0.20888 0.010283 0.10866 -0.12226 0.039858 -0.34249 -0.37228 0.71184 -0.5866 -0.11198 0.19258 -0.36521 0.71863 0.030889 0.016173 0.05045 -0.48838 0.45068 -0.095851 -0.096659 0.26108 -0.0045136 0.019473 -0.36458 0.33186 0.041527 0.48155 -0.34273 0.46101 -0.27001 0.30487 0.44624 0.2322 -0.12539 -0.40078 -0.53852 -0.85672 0.010299 0.033366 -0.087253 0.12816 -0.75769 0.37616 0.015849 0.5025 -0.30675 0.23181 -0.26534
美国 -0.24233 -0.085876 -0.0029674 0.6212 -0.60285 -0.59329 -0.1648 -0.60569 -1.2531 0.1621 -0.55396 -0.2733 -0.6334 -0.20874 -0.025228 0.14396 0.72811 -0.17794 -0.00082087 -0.018536 -0.41184 -0.79151 -0.010178 -0.088831 -0.3697 0.17566 0.47472 0.61042 -0.28024 0.53354 0.20123 -0.31329 0.19398 0.1267 -0.31162 0.14102 0.040494 0.32617 -0.67507 0.22196 0.1708 0.65096 0.93392 -0.71875 0.6437 0.26938 0.052939 -0.033975 0.14395 0.35388
; -0.48415 0.4405 -0.21262 -0.63803 0.099409 0.023994 0.075286 0.032748 0.58656 -0.029917 0.17212 -0.12522 -0.26893 0.22411 1.2359 -0.078155 -0.35857 -0.10208 -0.24163 0.60867 -0.10771 0.37337 -0.7808 0.5235 0.13197 0.35789 0.53018 -1.0884 0.38007 0.047642 0.65342 -0.62136 0.32523 0.24028 -0.16603 -0.52662 -0.20431 -0.21914 0.15998 0.1016 0.52012 0.19813 0.43297 -0.34355 0.1763 0.29547 0.078614 0.68106 0.48467 0.8205
DGDGDG -0.21613 0.19683 0.0071084 -0.24761 0.002256 -0.59402 0.25827 -0.28422 -0.035409 0.45286 -0.16426 -0.37479 -0.29677 -0.45816 -0.23124 -0.18064 0.030026 0.063258 -0.36883 0.62489 0.058137 -0.056413 0.26817 0.1245 0.40042 -0.24143 0.5255 -0.034351 0.0018074 0.18667 0.089024 -0.17709 -0.095605 0.44875 0.13054 0.1686 -0.066064 0.106 0.046681 0.21782 0.2139 0.059641 -0.086329 -0.13661 -0.36666 0.33345 -0.086541 -0.41636 -0.4429 -0.016606
但 -0.72537 0.24218 -0.72984 -0.085388 -0.35949 0.72377 -0.016767 -0.41277 0.030423 -0.057313 0.31965 0.1622 0.25346 -0.39207 0.63241 -0.21753 0.11939 0.068271 -0.65339 -0.099269 -0.29557 -0.056458 0.32249 0.51768 -0.40832 0.07795 0.1119 -0.66636 0.55739 0.46132 -0.39699 -0.3672 -0.027749 0.40111 -0.88175 -0.57471 -0.2425 -0.047482 0.213 -0.18737 0.56671 0.42576 0.58513 -0.2865 -0.29428 0.53115 -0.096526 -0.03519 -0.25007 0.57392
我们 -0.62621 0.6393 0.68388 -0.14973 -0.21939 0.71394 0.061655 -0.5642 0.0043454 0.24516 0.14161 0.28268 0.30254 -0.44528 0.27331 -0.29463 0.38007 -0.71026 -0.32282 -0.20677 -0.29129 0.056767 -0.19726 0.41616 0.61413 -0.17706 -0.18986 -0.10621 -0.39913 0.84061 -0.077783 -0.575 0.22738 0.03815 0.16689 -0.73134 0.69619 0.61794 0.28131 0.81988 0.30191 0.37957 1.123 -0.78668 -0.31517 1.2837 -0.23219 -0.45474 -1.1367 -0.56203
时 -0.35878 0.15812 -0.072628 -0.13366 0.061823 0.18399 -0.025862 0.014265 0.075945 0.0073193 -0.46061 -0.013248 -0.092973 -0.58266 0.34479 0.027316 -0.10244 -0.45453 -0.88861 -0.045563 -0.31739 0.65828 0.25921 0.18464 0.16495 -0.21224 0.24125 -0.73922 0.41356 0.14892 0.3554 0.21185 0.070527 0.31939 -0.016654 -0.24356 -0.46632 -0.13173 -0.3525 -0.36231 0.49993 0.25606 -0.013694 -0.35593 0.06039 0.33716 -0.001947 -0.094135 -0.27763 0.50371
被 -0.072407 0.28143 -0.25043 0.26687 -0.00054423 0.8218 -0.61571 -0.65606 -0.16646 0.18381 -0.42475 -0.26232 -0.034664 -0.1337 0.69796 -0.23558 0.7716 0.14216 -0.90699 0.18018 0.42979 -0.67386 0.18427 -0.86933 -1.0482 0.070916 0.48355 -0.13739 0.27691 0.16062 0.69278 -0.85183 0.60248 0.21455 0.18571 0.23457 -0.28484 -0.22337 -0.28768 -0.082029 0.52716 0.30948 -0.36579 -0.20647 -0.51781 -0.11991 -0.019855 -0.6071 -0.2968 -0.13274
从 -0.18123 -0.1902 -0.33541 -0.50592 0.14109 0.20701 -0.10063 -0.29612 -0.76394 0.14594 -1.0041 0.41021 -0.82309 -0.24921 0.94788 0.3802 0.6363 0.04208 -0.81822 -0.21642 -0.25599 0.73663 0.26848 0.12343 0.10838 -0.18705 0.44522 -0.63775 0.46021 -0.24273 -0.41467 0.15833 0.3528 0.06595 -0.91872 0.048947 -0.11086 -0.094837 -0.37866 0.11834 0.74636 -0.22991 -0.11536 -0.42639 -0.35816 0.362 0.70824 -0.060715 -0.036877 0.026109
国 -0.2581 -0.40409 -0.062396 0.37602 -0.029406 -0.11349 -0.012834 0.18859 -0.92374 0.31672 -0.15574 -0.24685 -0.32175 0.15075 0.23555 0.12587 0.35124 -0.23594 0.040963 0.46095 -0.07 -0.40801 0.040293 0.11098 0.12927 -0.056898 0.36344 0.32134 -0.096501 0.2377 0.35015 -0.22955 -0.21194 0.064561 -0.13532 0.075034 0.13206 0.45132 -0.16407 0.52249 -0.14907 0.23031 0.76414 -0.78704 0.71407 -0.097259 -0.028849 -0.049093 0.29768 0.12855
记者 -0.32315 0.6203 0.7915 -0.048027 -0.53604 -0.37274 -0.54065 -0.11368 -0.24764 -0.14704 -0.10351 -0.48006 0.3105 -0.52798 0.42794 0.19849 -0.010901 0.12493 0.16648 -0.1083 0.0067751 0.35429 -0.066648 0.083218 0.39855 0.43331 -0.10876 -0.41329 -0.086652 0.24447 0.32777 -0.076238 0.16643 0.018913 0.17946 -0.10236 0.098888 0.30617 0.1568 0.020251 0.29278 -0.15434 0.35778 -0.12601 -0.25132 0.34362 0.035715 -0.36846 -0.5354 0.37596
工作 0.29843 -0.26971 0.014707 -0.093107 -0.071554 0.21515 0.26647 0.67503 -0.89337 0.52801 0.28585 0.30631 0.27959 -0.63961 0.32378 0.17322 0.63753 -0.45817 -0.056159 -0.16147 0.14272 0.23939 0.071522 -0.2291 -0.18736 0.025165 -0.20277 -0.29231 0.38178 -0.76577 0.34278 0.15707 -0.67809 0.81131 0.53534 -0.16106 0.29794 0.69047 0.16196 0.48553 0.30738 0.23474 -0.28007 -0.18364 0.2118 -0.050204 0.34395 -0.39125 -0.25685 -0.010819
各 -0.30481 -0.26881 -0.41385 0.11615 0.32353 0.044883 0.24694 -0.90646 -0.29251 0.031367 -0.38247 0.036537 -0.28411 -0.55481 -0.044611 0.11506 0.33087 -0.2574 -0.10755 1.2573 0.069087 0.26141 0.28207 0.56552 0.21673 -0.38954 -0.041516 0.044155 -0.43833 0.064394 0.32069 0.17627 0.0021017 0.32842 -0.30478 0.19076 -0.21601 0.056671 0.013468 0.10368 0.26023 0.23117 -0.17258 -0.85173 -0.029954 0.72141 0.09421 -0.23058 -0.26391 -0.27427
地 -0.2998 -0.0022406 -0.036392 -0.21316 0.09033 0.20825 -0.035526 -0.18015 0.39542 0.022597 -0.48418 0.045302 -0.33082 -0.040375 0.55669 0.088215 0.72434 -0.39496 -0.18095 0.12466 -0.15647 0.58858 0.3268 0.18143 0.36843 0.21867 0.19314 -0.054411 -0.097192 0.52422 0.76582 -0.076703 0.31597 0.26867 -0.085833 -0.15315 -0.56945 -0.0081413 -0.27814 -0.22454 0.4065 0.052497 -0.076401 -0.60153 0.57345 0.28881 -0.1077 -0.22226 -0.39107 0.05617
国家 -0.34059 -0.60369 -0.17124 0.39701 -0.20219 -0.20499 0.16453 0.17124 -1.0875 -0.029436 0.18489 -0.21987 -0.63749 0.2649 0.20391 0.36002 0.62653 -0.15898 0.16014 0.40039 0.068712 -0.66222 0.35211 -0.24975 0.18204 0.28721 0.41502 0.32126 -0.30866 0.16799 0.50413 -0.056166 0.092684 0.2602 0.32161 0.005683 0.32925 0.75569 -0.24597 0.38764 -0.083217 0.22487 0.82112 -0.78915 0.64064 0.02958 -0.34129 0.13335 0.04197 0.04784
表示 0.35496 -0.403 0.16705 0.3801 0.25757 -0.00084357 0.2512 -0.2123 0.73169 0.51874 0.20257 -0.50723 -0.0311 0.14654 0.78219 -0.74181 0.32208 0.17065 -0.30647 0.05264 -0.69688 -0.076843 0.066473 0.28192 0.33282 0.18898 -0.77118 -0.2178 0.35708 0.024576 0.078734 0.27859 0.092035 0.58672 -0.40915 0.039272 -0.10414 0.029091 -0.10812 0.19552 0.70829 -0.12427 0.77585 -0.37294 -0.029568 0.36989 0.38453 -0.93307 -0.42532 0.32772
经济 0.09066 -0.36314 -0.46295 0.29803 0.086928 0.13648 -0.548 0.37789 -0.78216 -0.31171 0.28059 -0.34877 -0.39977 -0.3752 -0.33955 -0.099587 0.71851 -0.16753 -0.2442 0.1048 0.35343 -0.29471 0.31763 0.31676 0.82814 0.13458 -0.018185 -0.031901 -0.14928 -0.14106 -0.10924 0.45019 -0.54888 0.89609 0.46285 -0.038829 0.7577 1.1607 0.037755 -0.26695 0.63531 -0.3048 0.30929 -0.68449 0.082627 0.069287 -0.0060107 0.057148 1.0612 0.24575
并 -0.27737 0.44525 -0.38753 -0.77037 -0.066758 0.19983 0.10777 -0.85468 0.17204 -0.021139 0.68241 -0.29771 0.32235 -0.60921 0.56458 0.28302 0.61018 -0.47489 -0.53333 -0.26206 -0.28489 0.1862 0.40117 -0.25072 -0.40881 0.23167 0.27471 -0.097172 0.31786 0.32962 0.27248 -0.44628 0.28901 0.64959 -0.61617 -0.46887 -0.18781 0.22314 -0.58839 0.0057316 0.60103 0.88718 0.28665 -0.70895 0.093978 0.4171 0.005391 -0.48426 -0.70435 0.74959
已 -0.35629 -0.086367 -0.26964 -0.14656 0.067727 0.8467 -0.68876 -0.83032 0.12015 -0.031838 -0.16344 -0.29336 0.10825 -0.48961 0.95728 -0.72454 0.61258 0.063784 -0.59496 -0.14199 0.63961 -0.35815 -0.18862 -0.5312 -0.62347 0.076672 0.55414 -0.10441 0.75505 -0.12567 0.4788 0.36709 0.15384 0.44137 -0.19964 0.6577 -0.36227 -0.014793 -0.37089 0.75294 0.47817 0.94226 -0.58665 -0.075666 0.038887 0.045802 -0.50081 -1.2575 -0.39359 -0.088828
「 -0.54228 -0.073875 0.085712 0.28641 0.35551 0.27825 0.49094 -0.17554 -0.23144 -0.25115 0.28223 -0.11593 0.24625 0.24852 -0.23743 -0.2847 0.03399 0.14044 -0.38733 -0.28826 -0.026374 0.58344 -0.018305 0.19307 0.26079 -0.25123 -0.12554 -0.62636 0.13736 1.0428 -0.095817 0.65443 0.319 -0.32296 -0.10314 -0.42408 0.10307 -0.1852 0.39229 0.36876 0.99597 0.15481 0.01349 -0.51435 -0.39252 -0.425 -0.43284 -0.035254 -0.50614 0.29071
」 -0.35476 0.30394 -0.37867 0.1469 0.074313 -0.027903 0.1571 0.095943 0.10038 0.010912 -0.086134 0.1588 0.077602 -0.050119 0.12442 0.29601 0.23532 0.25508 -0.015985 -0.065673 0.25313 -0.014349 -0.24483 0.084884 -0.087824 0.27322 0.35155 -0.21377 -0.0028285 -0.015089 -0.096338 -0.17231 0.18364 -0.099363 -0.089985 -0.17105 0.12391 0.11232 -0.19973 -0.25911 0.048268 0.15248 0.28596 0.19749 -0.28095 -0.15134 0.062021 0.032972 -0.11436 0.26775
《 -0.49464 0.77565 -0.15308 0.44948 0.24588 -0.29674 -0.11681 -0.03551 -1.1623 0.079826 0.60099 0.10122 0.29604 0.25415 -0.41374 0.30102 -0.18682 -0.070042 -0.82577 -0.24928 -0.79747 -0.40479 -0.17113 -0.070387 -0.02376 -0.10562 0.27655 0.21486 -1.2346 0.46336 -0.238 0.17331 0.88785 0.21731 0.018068 0.055209 -0.058167 0.077473 0.2416 1.0125 1.4772 -0.79165 0.70851 -0.14684 0.13551 -0.55657 -0.1121 -0.32343 -0.39025 1.1269
》 -0.39742 0.058997 0.18308 -0.14467 0.52237 0.065134 0.36285 -0.17835 -0.10974 0.1216 -0.38935 -0.446 0.36161 0.49241 0.32657 0.39896 0.40636 -0.45252 -0.20371 -0.059248 0.22524 0.22525 -0.13928 -0.38687 0.065861 0.79373 0.23049 -0.47833 0.065047 0.089118 0.63531 -0.060697 -0.72965 0.13101 -0.09401 -0.30139 -0.1234 0.25745 -0.18669 0.34612 -0.021142 0.039432 -0.022075 0.029838 -0.11516 0.47199 0.26052 -0.47034 0.037237 1.0144
全 -0.072297 -0.21476 -0.16867 -0.19929 -0.24632 -0.094733 -0.057176 -0.12079 -0.20011 -0.053944 -0.27379 -0.048 -0.54183 -0.29459 -0.013379 0.27733 0.25959 -0.21456 -0.14486 0.39526 0.046344 0.2708 0.247 0.41298 0.22818 -0.049179 0.20004 0.38625 -0.46241 -0.26074 -0.043026 0.045396 0.10272 0.3588 -0.14438 0.42826 -0.41296 0.16006 -0.38704 0.12084 0.67696 -0.22484 0.074893 -0.9161 -0.30519 0.78507 0.28823 -0.0505 -0.10226 0.31373
最 -0.20353 0.44196 -0.14972 -0.070008 -0.77382 0.070167 -0.42151 -0.29276 0.35739 0.0070332 0.27379 -1.2145 0.2182 -0.73256 -0.38848 -0.15616 0.14045 -0.10829 -0.20995 0.5192 0.63936 0.3053 0.86851 0.74506 0.25632 -0.86385 -0.28763 0.1451 -0.048746 -0.051746 -0.76014 -0.26048 -0.074503 0.97642 0.14484 0.75454 -0.39467 -0.31051 -0.14396 0.70705 1.5395 0.60022 0.17907 -1.052 -0.046726 -0.2282 -0.089494 -0.51716 0.74307 0.10487
电 -0.040818 -0.036564 0.067155 0.26491 0.11489 -0.29894 -0.076359 0.059405 -0.11986 0.28562 -0.17715 -0.093644 -0.011066 0.19795 -0.055117 0.051836 -0.014352 -0.18153 -0.062025 0.23886 0.10355 -0.01168 0.055253 0.1233 0.17931 0.21445 0.051606 -0.10011 -0.0037142 -0.0064303 0.039169 -0.18394 -0.16195 0.18579 -0.26201 0.045513 -0.17107 0.18579 -0.040996 0.099355 0.40219 -0.1527 -0.028996 -0.0059564 -0.12404 -0.12272 0.094031 -0.16702 -0.37839 0.15766
来 -0.45185 0.07948 0.057036 -0.029604 -0.2018 0.18542 0.12475 -0.1882 0.1137 -0.11731 -0.64264 -0.095145 -0.73251 0.026537 0.86846 0.10388 0.63112 -0.56938 -0.26562 -0.11611 -0.60425 0.70204 0.29675 0.32376 0.27481 0.27094 0.18301 -0.18824 -0.32412 0.68594 0.65847 -0.050242 0.0053488 0.15284 0.10675 0.10071 -0.7777 0.33649 -0.53822 -0.026491 1.1343 0.24872 -0.038309 -0.63599 0.72061 0.23498 0.034185 -0.26058 -0.4962 -0.020187
政府 -0.12081 -0.35895 -0.37279 0.29133 0.27057 0.066587 -0.74067 -0.17008 -0.70388 0.13861 0.61788 -0.37182 0.45964 -0.45479 -0.025999 0.018667 1.1868 -0.46207 -0.30776 -0.14738 -0.0531 -0.21514 0.0012641 0.38625 0.33414 0.24804 -0.10179 0.29622 0.10469 0.18834 0.95055 0.043229 0.027991 0.33534 0.38861 0.095748 0.49721 0.46418 -0.20247 0.041951 -0.089945 -0.21891 0.48521 -0.57907 0.16902 -0.039446 -0.60692 -0.11731 0.74368 -0.095125
他们 -0.68538 0.34104 -0.43806 -0.24774 -0.18579 0.19763 0.22617 -0.42973 -0.060217 0.1108 -0.1785 0.6217 0.4372 -0.90086 0.18736 -0.26932 0.32857 -0.77486 -0.14325 0.15686 -0.091001 0.25398 0.17841 0.17883 0.30346 0.07001 0.3905 -0.10679 -0.16807 0.33805 0.020011 -0.15363 0.32575 0.21001 -0.18654 -0.33427 0.24165 -0.018624 0.086446 0.19845 0.39417 0.6056 0.37999 -0.72312 0.05506 1.0462 -0.63647 -0.87229 -0.36807 -0.75099
问题 0.15691 -0.2531 -0.29167 0.68882 0.11029 0.49184 0.20222 0.55839 -0.39743 -0.094646 0.011701 -0.18533 -0.024548 -0.38647 0.36572 0.11994 0.55093 -0.29904 0.26222 0.097611 -0.12776 0.19076 -0.030627 -0.047526 0.47747 0.3343 -0.11667 -0.26922 0.4294 -0.040478 0.43478 -0.34292 -0.58473 0.60111 -0.21896 -0.45238 0.16262 0.06085 -0.0076716 0.3146 0.8284 0.069724 0.21081 -0.087422 0.028922 0.014382 -0.30554 -0.33425 -0.25036 0.31047
% 0.087833 -0.056383 -0.19467 -0.045521 0.064365 -0.047531 -0.26795 0.24986 0.13812 0.058984 -0.1399 -0.15678 -0.12505 0.080099 0.24202 0.05529 0.019814 0.00081214 -0.52157 0.43085 -0.15515 -0.30936 -0.1349 0.22906 0.36865 -0.2538 0.25716 -0.14094 0.10289 0.19928 0.1579 -0.072336 -0.43919 -0.048283 -0.12458 0.34116 -0.076003 -0.017619 -0.35341 0.063389 -0.048585 0.16362 0.25099 -0.13928 -3.1719e-05 -0.3657 -0.22278 -0.38048 0.28084 0.37469
着 -0.062013 0.13218 -0.35785 7.0817e-05 -0.05266 0.10757 -0.091405 -0.45932 -0.24891 0.22971 -0.31299 0.33882 -0.4123 -0.50942 0.54271 -0.093037 0.065071 0.0024184 0.01107 0.44474 -0.0069919 0.6261 0.16032 -0.080422 -0.15255 -0.065482 0.084268 -0.14689 0.027701 0.091743 -0.16556 0.024624 0.48901 0.38986 -0.37861 0.062346 -0.18516 -0.17599 -0.076043 -0.12065 0.81609 -0.20009 -0.064115 -0.67699 0.25946 0.17315 -0.29203 0.17773 0.086436 -0.065108
元 -0.14607 0.30056 -0.55976 0.2434 0.14673 0.30285 -0.7394 -0.28636 -0.55887 0.39824 -0.40648 0.11293 0.57735 -0.3518 0.41122 0.47834 -0.39151 -0.08142 -0.61994 -0.18988 -0.37406 0.13105 -0.038367 -0.41225 0.30775 -0.63212 0.70582 -0.41378 -0.20353 -0.16107 0.26634 -0.27583 -0.31427 0.64277 0.011966 0.4746 -0.44576 -0.40096 0.013311 -0.19418 -0.23367 0.15994 -0.22817 -0.71436 -0.45498 -0.57749 -0.52137 -0.16333 0.042103 0.94763
种 -0.14177 -0.28688 -0.010655 -0.10232 0.25215 0.52906 0.18912 0.15712 -0.31031 0.34524 -0.31327 -0.18892 -0.36588 -0.18239 0.38806 0.041421 0.39109 -0.89671 -0.21661 0.67608 -0.023811 -0.20697 0.13261 0.16791 0.53629 -0.24332 -0.46853 -0.26883 0.19294 -0.27295 -0.13954 0.32654 0.25697 0.7244 -0.20743 -0.23183 -0.50494 -0.68137 -0.20375 -0.089974 0.66946 0.085743 0.48425 -0.29578 0.38152 -0.11939 -0.073518 0.059928 -0.14944 -0.0072004
更 0.15925 0.18379 -0.0058246 -0.53341 -0.46911 0.333 0.16601 -0.10485 0.18299 0.028309 0.1783 -0.57254 0.2777 -0.52529 0.20681 -0.15125 0.49469 -0.39585 -0.48864 0.26056 0.63791 0.45321 0.3161 0.28246 0.095612 -0.22675 -0.17461 0.74442 -0.40656 0.016322 -0.3219 -0.48998 -0.42288 1.1553 0.034464 0.377 -0.083559 -0.040643 -0.077882 -0.21157 1.1163 1.1425 0.29857 -1.2069 -0.20001 -0.1407 0.45683 -0.50425 0.094134 -0.18527
公司 -0.50133 -0.10414 -0.32241 0.045747 -0.18706 -0.10737 -0.44092 -0.0028981 -0.65895 0.19151 0.1595 -0.43292 0.33653 -0.10286 -0.22316 0.19244 0.63552 -0.091588 -0.10387 -0.53612 -0.3252 -0.53553 -0.051797 -0.14138 0.30357 0.083653 0.053072 -0.53539 0.58323 -0.48662 1.176 -0.051775 -0.23399 0.25724 0.39635 -0.019994 0.092636 0.18122 -0.030938 0.018757 -0.31544 0.22901 0.24273 -0.38937 0.57691 -0.084735 -0.013141 -0.23386 0.040325 -0.35051
进行 -0.31316 0.1524 -0.26371 -0.10973 0.39036 0.031276 0.43164 -0.20817 0.27255 0.15394 0.085125 0.14686 -0.31118 -0.367 1.006 -0.01335 0.66152 -0.28498 -0.5182 -0.2088 -0.2371 0.37959 0.45415 0.23846 0.1812 0.43963 0.12309 -0.3126 0.046267 -0.69866 0.16001 0.28129 0.12123 0.29846 -0.64327 0.22782 -0.30766 -0.29646 -0.63004 -0.040192 0.81947 -0.16919 -0.061479 -0.64083 0.1825 -0.0018981 0.11357 -0.12586 -0.33678 0.24256
三 0.43311 -0.29229 -0.029534 -0.70043 -0.093114 0.093407 -0.034796 -0.67948 -0.66045 0.18591 -0.94729 -0.39229 0.12967 -0.8014 -0.67993 -0.21484 -0.0071695 -0.25328 -0.56484 1.0854 -0.46605 0.44857 0.34412 0.55979 0.083819 -0.68261 0.32083 0.24348 -0.16421 -0.37441 0.40327 0.15471 -0.24536 0.18433 -0.16518 0.1396 -0.45531 -0.49776 -0.47068 0.45358 0.2866 0.4731 0.16434 -0.80914 -0.88708 0.83715 0.022937 -0.14577 -0.56626 -0.007698
前 -0.22709 0.13133 -0.28715 0.11774 -0.64724 -0.15575 -0.43554 0.066347 -0.06374 0.34418 -0.6103 -0.042617 -0.3304 -0.50894 0.20211 0.03505 0.28609 -0.03568 -0.51451 -0.057576 0.052056 0.2804 -0.056121 0.37777 -0.15664 -0.15121 0.70097 -0.11382 0.12221 -0.3912 0.46598 0.034812 -0.034942 0.22964 0.25777 -0.16695 -0.30252 -0.39044 -0.076169 -0.13493 0.21908 0.018672 0.10306 -0.3269 -0.027573 0.46272 0.16979 0.13649 -0.17413 0.69157
来源 -0.21153 0.33768 0.079391 -0.34695 0.047432 -0.20318 0.089646 0.97532 -0.60515 0.29897 0.55138 -0.87226 0.41976 0.11129 0.11362 0.35824 0.16066 -0.61529 0.32494 0.261 -0.068012 -0.82685 0.36878 0.51131 0.43758 0.45914 -0.19267 0.30635 0.31479 0.020396 0.6957 0.042781 -0.062599 0.082446 -0.27566 -0.30744 -0.472 -0.21871 0.16098 0.064575 0.81872 0.15128 0.61158 0.12933 0.27684 0.024354 0.37365 -0.71263 -0.18435 -0.10146
没有 -0.43478 0.20469 -0.46946 0.065352 -0.10021 0.55715 -0.0066024 -0.55687 0.45891 0.65092 0.0089771 -0.10119 -0.20772 -0.46902 0.97464 -0.5455 0.44934 -0.46022 -0.67666 -0.21221 -0.25582 0.18184 0.25042 -0.092086 -0.081071 0.2945 -0.53671 0.18873 -0.24718 0.0049475 -0.020036 -0.123 -0.0058457 0.51057 -0.45008 0.21318 -0.409 0.028411 0.085425 0.34329 0.72235 0.38744 -0.18668 -0.59342 0.11566 0.55158 0.02407 -0.34715 -0.47042 -0.10211
北京 -0.33531 -0.052769 0.070894 0.085975 -0.15108 -0.32369 -0.26232 -0.19331 -0.38815 0.13596 0.023341 0.013828 -0.24933 0.27634 0.29464 0.0045479 0.2387 0.11757 0.1429 -0.14375 0.12686 0.062428 0.4053 0.13464 -0.02286 -0.21563 0.19062 0.028084 -0.10189 0.044197 0.1034 -0.09309 -0.068941 -0.13597 0.062066 0.006845 -0.11888 0.16927 0.19974 0.28217 0.12207 0.0023226 0.098742 -0.3003 -0.050515 0.15881 0.10012 -0.2591 -0.15382 0.36413
下 -0.0073875 0.18674 -0.60502 -0.31169 -0.37313 -0.22789 -0.14473 -0.08395 0.30998 0.20209 -0.13702 -0.016273 -0.4054 -0.61689 0.54204 0.16525 0.25575 -0.62204 -0.3903 0.050143 -0.42923 0.56185 0.51124 0.16369 -0.088528 -0.1762 -0.21454 -0.0067195 0.41592 -0.339 0.26569 0.17149 -0.12964 0.74622 -0.30619 -0.39347 -0.4196 0.15888 -0.0451 0.037582 0.8312 -0.070384 -0.12979 -0.31276 0.41055 0.52311 0.17089 0.24459 -0.32919 0.77799
社会 -0.086414 -0.63299 -0.074636 -0.24409 0.4923 0.69255 -0.17207 0.39764 -1.2218 0.10897 0.54811 0.38357 -0.075772 -0.087807 -0.29727 0.45364 0.74224 0.12578 -0.20646 0.19633 -0.0058042 -0.23013 0.39893 0.056809 0.26625 -0.097485 0.012554 0.60628 -0.81754 -0.22041 0.30424 -0.22439 -0.1637 0.52691 0.37448 -0.45993 0.30415 0.1391 -0.14423 -0.0092129 0.13655 -0.23899 0.3532 -0.98586 0.23933 -0.040793 0.41106 -0.050096 0.51157 0.41982
此 -0.58395 0.27991 -0.64913 0.36729 -0.18277 0.16651 -0.11583 0.12059 -0.12068 0.0026768 -0.1891 -0.33654 -0.2263 -0.81153 0.43827 -0.20888 0.37197 -0.70499 0.0053265 0.87751 0.096222 -0.034941 -0.01247 0.47081 0.33839 0.049182 -0.38831 0.42452 0.065933 0.027178 -0.39552 0.14554 0.28525 0.36262 -0.32382 -0.21204 -0.043005 0.31588 0.54418 -0.15312 0.49918 0.36989 0.068832 -0.24065 -0.087402 1.2995 -0.15658 -0.21965 -0.68966 0.17192
万 0.047524 0.37808 -0.35725 0.24595 0.36811 0.05385 -0.39166 -0.53512 -0.5258 0.18139 -0.45571 -0.080196 0.077598 -0.30027 -0.037429 0.030252 -0.3058 -0.31453 -0.59482 0.40778 -0.42746 0.074105 0.01082 -0.17761 0.25825 -0.72906 0.80332 0.087642 -0.070728 0.020274 0.33064 -0.31488 -0.24398 0.48266 -0.086796 0.53293 -0.17885 -0.45633 0.031578 0.15524 -0.13083 0.11095 -0.23538 -0.76687 -0.39494 -0.36934 -0.15506 -0.37277 -0.17681 0.88277
很 0.066511 0.33753 -0.22866 0.1826 -0.27752 0.74507 -0.38794 -0.044315 -0.46459 0.2346 -0.066134 -0.19401 0.20893 -0.22597 0.50294 -0.31934 0.13497 -0.049023 -0.84821 0.40768 0.40348 0.07944 0.57244 -0.33377 -0.1275 -0.26891 -0.27655 0.2255 -0.0075613 -0.0034599 -0.24146 -0.36541 0.24684 0.90152 -0.19568 0.54842 -0.15658 -0.057451 -0.091633 0.10171 1.2571 0.66516 0.15492 -1.061 -0.40813 -0.23941 0.22289 -0.83509 -0.063367 -0.17852
